     23.312377930
     65.036010742
     73.098754883
     86.648559570
     70.431518555
     82.849121094
     93.103027344
     53.372192383
     48.831176758
     35.571289063
      0.289916992
     48.449707031
     75.610351563
     33.456420898
     29.180908203
     22.454833984
     86.596679688
     56.396484375
     28.045654297
     16.772460938
     49.075317383
     78.149414063
     98.690795898
      6.689453125
     45.071411133
     79.058837891
     70.852661133
     40.734863281
     65.750122070
     25.344848633
     76.766967773
     79.486083984
      7.546997070
     43.157958984
     41.552734375
     86.886596680
     10.736083984
     65.454101563
     55.065917969
     77.212524414
     30.947875977
     79.864501953
     40.792846680
     70.870971680
     84.375000000
     55.651855469
     87.463378906
     62.069702148
     57.177734375
     77.917480469
     58.975219727
     51.553344727
     19.833374023
     67.132568359
     48.257446289
     47.494506836
     36.941528320
     12.161254883
     90.716552734
     87.664794922
     13.189697266
     94.888305664
      2.868652344
     86.047363281
     66.070556641
     34.552001953
     61.798095703
     56.945800781
     65.988159180
     29.962158203
     91.049194336
     19.802856445
     34.356689453
     27.667236328
     68.615722656
     37.777709961
     40.344238281
     94.226074219
     22.583007813
     93.243408203
     86.877441406
     20.730590820
     30.136108398
     53.332519531
     26.507568359
     37.637329102
     85.485839844
     28.640747070
     97.817993164
     68.124389648
     52.359008789
     78.216552734
     22.937011719
     98.007202148
     66.711425781
     63.961791992
     56.817626953
     90.411376953
      5.245971680
      7.592773438
     28.894042969
